#r  Br   r   Btheta   r     Bphi
0.488   5.864      0.488   -5.863      0.443   0.088
1.965   5.851      2.770   -5.821      1.763   0.319
3.441   5.840      4.470   -5.772      3.396   0.620
4.917   5.813      5.454   -5.732      4.716   0.849
6.394   5.779      7.333   -5.634      6.349   1.143
7.870   5.736      9.034   -5.523      7.669   1.366
9.347   5.684      10.018   -5.451      9.246   1.637
10.823   5.621      11.763   -5.291      10.689   1.864
12.300   5.555      13.431   -5.132      12.333   2.132
13.776   5.476      14.524   -5.015      13.776   2.340
15.252   5.392      16.125   -4.832      15.554   2.596
16.729   5.304      18.071   -4.585      17.064   2.792
18.205   5.203      20.084   -4.314      18.685   3.001
19.682   5.100      21.964   -4.037      20.286   3.179
21.158   4.988      23.591   -3.797      22.174   3.371
22.635   4.872      24.916   -3.589      23.843   3.525
24.111   4.748      26.242   -3.373      25.664   3.677
25.587   4.621      27.802   -3.123      27.332   3.784
27.064   4.491      29.614   -2.817      29.032   3.868
28.540   4.352      31.493   -2.506      30.956   3.956
30.017   4.213      33.372   -2.188      32.674   3.994
31.493   4.073      35.251   -1.877      34.151   4.026
32.970   3.916      37.130   -1.564      35.184   4.029
34.446   3.772      39.010   -1.261      36.795   4.029
35.922   3.619      40.889   -0.960      38.607   3.997
37.399   3.469      42.768   -0.676      40.307   3.946
38.875   3.313      44.395   -0.442      41.783   3.897
40.352   3.161      45.682   -0.266      42.768   3.853
43.305   2.853      46.996   -0.090      44.311   3.775
44.781   2.695      48.808   0.142      46.123   3.660
46.257   2.547      50.821   0.380      47.791   3.543
47.734   2.399      52.489   0.547      49.747   3.387
49.210   2.249      53.582   0.654      51.415   3.250
50.687   2.101      55.250   0.804      53.237   3.071
52.163   1.964      57.264   0.967      54.905   2.913
53.640   1.823      58.964   1.074      56.727   2.720
55.116   1.692      59.948   1.130      58.280   2.556
58.069   1.435      61.827   1.220      60.082   2.353
59.545   1.311      63.545   1.278      61.750   2.177
61.008   1.180      64.579   1.305      63.572   1.976
63.975   0.974      66.525   1.336      65.394   1.769
65.451   0.872      68.243   1.346      67.062   1.598
66.927   0.778      69.276   1.338      68.883   1.404
68.404   0.687      71.223   1.324      70.551   1.238
69.880   0.603      72.923   1.280      72.373   1.056
71.357   0.526      73.974   1.258      74.041   0.907
72.833   0.451      75.920   1.182      75.719   0.759
74.310   0.386      78.605   1.054      77.531   0.612
75.786   0.324      80.484   0.944      79.343   0.483
77.262   0.267      82.184   0.842      81.155   0.366
78.739   0.222      83.168   0.774      82.823   0.273
81.692   0.136      84.913   0.644      84.779   0.176
83.168   0.103      86.613   0.517      86.479   0.109
84.645   0.076      87.597   0.445      87.955   0.072
86.121   0.039      89.342   0.296      88.940   0.044
87.597   0.022      91.042   0.160      90.550   0.017
91.423   0.011      91.960   0.097      92.429   0.011